3 6 7 9 11 8
21 24 25 26 29 30 32 32
29 32 33 34 35 37 38 42
54 55 57 58 60 61 63 70
59 61 60 63 65 68 71
91 92 93 93 95
57 59 61 62 64 65 69 66
20 17 18 21 23 25
65 65 66 68 69 72 75
58 62 65 67 69 70 71 73
51 55 54 57 59 61
3 8 9 11 14 17
88 86 83 80 79 77 78
97 94 92 89 87 84 82 82
74 73 71 68 65 63 62 58
88 86 83 80 75
23 20 19 19 17
84 86 85 82 81 79 76 75
81 82 85 83 86
95 97 93 91 89 87
18 18 17 16 15 13 11 9
94 90 89 86 83
86 82 85 84 81 78
51 44 43 40 38 35 32
24 27 22 21 19 17 15 14
62 59 57 56 53 53
26 24 22 18 20
25 31 33 35 37 40
16 19 21 24 25 27 30 34
4 7 9 12 12 15 16
70 68 67 64 61 60 63